# This file was created Fri Sep 27 14:42:56 2024
# Created by:
#                     :-) GROMACS - gmx polystat, 2023.3 (-:
# 
# Executable:   /ext3/apps/gromacs/2023.3/openmpi/intel/bin/gmx_mpi
# Data prefix:  /ext3/apps/gromacs/2023.3/openmpi/intel
# Working dir:  /home/fh2268/comp-lab-class-2024/Week4-CharmmGuiSetup/Setup/1v1d_gmx_opc/gromacs
# Command line:
#   gmx_mpi polystat -s step5_1.tpr -f concatenated.xtc -n index.ndx -o polystat.xvg -v polyvec.xvg -p persist.xvg -i intdist.xvg -b 0 -e 10000 -dt 10 -tu ps
# gmx polystat is part of G R O M A C S:
#
# Gromacs Runs On Most of All Computer Systems
#
@    title "Principal components"
@    xaxis  label "Time (ps)"
@    yaxis  label "(nm)"
@TYPE xy
@ view 0.15, 0.15, 0.75, 0.85
@ legend on
@ legend box on
@ legend loctype view
@ legend 0.78, 0.8
@ legend length 2
@ s0 legend "eig1 x"
@ s1 legend "eig1 y"
@ s2 legend "eig1 z"
@ s3 legend "eig2 x"
@ s4 legend "eig2 y"
@ s5 legend "eig2 z"
@ s6 legend "eig3 x"
@ s7 legend "eig3 y"
@ s8 legend "eig3 z"
     0.000  0.410  0.471  0.781  0.788  0.248 -0.564  0.459 -0.847  0.270
   100.000  0.444  0.265  0.856  0.757  0.400 -0.517  0.479 -0.878  0.023
   200.000 -0.274  0.330  0.903  0.909  0.395  0.131 -0.314  0.857 -0.408
   300.000 -0.378  0.308  0.873  0.889  0.384  0.250 -0.258  0.871 -0.419
   400.000  0.506  0.211  0.836  0.815  0.201 -0.544  0.283 -0.957  0.070
   500.000  0.056  0.627  0.777  0.994  0.038 -0.102 -0.094  0.778 -0.621
   600.000  0.092  0.696  0.712  0.991  0.009 -0.137 -0.102  0.718 -0.689
   700.000  0.206  0.664  0.718  0.970 -0.042 -0.240 -0.129  0.746 -0.653
   800.000 -0.604  0.793 -0.084 -0.774 -0.557  0.301  0.192  0.247  0.950
   900.000 -0.548  0.834 -0.065 -0.798 -0.498  0.339  0.251  0.238  0.938
  1000.000  0.055  0.749  0.660  0.982  0.079 -0.171  0.180 -0.658  0.731
  1100.000  0.141  0.701  0.699  0.984 -0.020 -0.178 -0.111  0.713 -0.693
  1200.000  0.083  0.596  0.799  0.986  0.067 -0.152 -0.144  0.800 -0.582
  1300.000  0.358  0.503  0.786  0.922 -0.056 -0.384 -0.149  0.862 -0.484
  1400.000 -0.540  0.198  0.818 -0.836 -0.016 -0.548  0.096  0.980 -0.174
  1500.000  0.070  0.402  0.913  0.954  0.239 -0.179 -0.290  0.884 -0.367
  1600.000  0.099  0.202  0.974  0.981  0.147 -0.130 -0.169  0.968 -0.184
  1700.000  0.311  0.309  0.899  0.932  0.085 -0.351 -0.185  0.947 -0.261
  1800.000  0.285  0.116  0.952  0.955 -0.118 -0.271  0.081  0.986 -0.145
  1900.000  0.286 -0.012  0.958  0.955  0.087 -0.284 -0.080  0.996  0.036
  2000.000  0.255  0.055  0.965  0.966 -0.057 -0.252  0.041  0.997 -0.068
  2100.000  0.249  0.167  0.954  0.958 -0.188 -0.217  0.143  0.968 -0.207
  2200.000  0.218  0.195  0.956  0.949 -0.273 -0.160  0.230  0.942 -0.245
  2300.000  0.038  0.374  0.927  0.962 -0.264  0.067  0.270  0.889 -0.370
  2400.000  0.138  0.575  0.807  0.845 -0.494  0.208  0.517  0.653 -0.553
  2500.000 -0.569  0.242  0.786 -0.707  0.343 -0.618  0.419  0.908  0.024
  2600.000 -0.495  0.149  0.856 -0.821  0.242 -0.517  0.284  0.959 -0.003
  2700.000  0.098  0.580  0.809  0.970 -0.237  0.053  0.222  0.779 -0.586
  2800.000  0.081  0.436  0.896  0.996 -0.002 -0.089 -0.037  0.900 -0.434
  2900.000  0.088  0.363  0.928  0.996 -0.053 -0.074  0.022  0.930 -0.366
  3000.000 -0.030  0.320  0.947  0.964 -0.241  0.112  0.264  0.916 -0.301
  3100.000 -0.425  0.255  0.869 -0.877  0.121 -0.464  0.224  0.959 -0.172
  3200.000  0.159  0.544  0.824  0.983 -0.166 -0.081  0.093  0.823 -0.561
  3300.000 -0.300  0.348  0.888 -0.808  0.402 -0.430  0.507  0.847 -0.161
  3400.000  0.313 -0.043  0.949  0.685 -0.682 -0.257  0.658  0.730 -0.184
  3500.000  0.284  0.050  0.957  0.779 -0.594 -0.200  0.559  0.803 -0.208
  3600.000  0.346  0.040  0.937  0.720 -0.652 -0.238  0.602  0.757 -0.254
  3700.000  0.382 -0.056  0.923  0.794 -0.491 -0.358  0.473  0.869 -0.143
  3800.000 -0.153  0.453  0.878 -0.715  0.563 -0.415  0.682  0.691 -0.238
  3900.000 -0.107  0.549  0.829 -0.544  0.665 -0.511  0.832  0.506 -0.227
  4000.000 -0.090  0.357  0.930 -0.412  0.837 -0.361  0.907  0.416 -0.071
  4100.000 -0.221  0.255  0.941 -0.312  0.896 -0.316  0.924  0.363  0.119
  4200.000 -0.253  0.440  0.862 -0.345  0.791 -0.505  0.904  0.425  0.049
  4300.000 -0.349  0.725  0.594 -0.229 -0.681  0.696  0.909  0.107  0.403
  4400.000 -0.214  0.626  0.750 -0.313  0.684 -0.659  0.926  0.375 -0.050
  4500.000 -0.394  0.718  0.574 -0.693 -0.642  0.328  0.604 -0.268  0.750
  4600.000  0.458  0.739  0.494  0.878 -0.289 -0.381  0.139 -0.609  0.781
  4700.000  0.369  0.737  0.566  0.929 -0.266 -0.258  0.039 -0.621  0.783
  4800.000  0.308  0.851  0.425  0.950 -0.251 -0.186  0.051 -0.461  0.886
  4900.000  0.093  0.913  0.397  0.974 -0.000 -0.228  0.208 -0.408  0.889
  5000.000 -0.516  0.839  0.174 -0.787 -0.544  0.292  0.340  0.014  0.940
  5100.000 -0.108  0.819  0.564  0.912  0.308 -0.272  0.396 -0.484  0.780
  5200.000 -0.156  0.892  0.425  0.983  0.181 -0.019  0.094 -0.415  0.905
  5300.000 -0.158  0.816  0.557  0.964  0.249 -0.091  0.213 -0.523  0.826
  5400.000 -0.681  0.709 -0.184 -0.724 -0.615  0.313  0.109  0.346  0.932
  5500.000 -0.463  0.741  0.487  0.873  0.477  0.104  0.155 -0.473  0.867
  5600.000 -0.558  0.702 -0.443 -0.823 -0.536  0.188 -0.106  0.469  0.877
  5700.000 -0.705  0.632  0.321  0.709  0.631  0.315  0.003 -0.449  0.893
  5800.000  0.294  0.698  0.653  0.739 -0.599  0.308  0.606  0.392 -0.692
  5900.000 -0.725  0.604  0.330  0.669  0.504  0.546 -0.164 -0.617  0.770
  6000.000 -0.137  0.599  0.789  0.655  0.652 -0.381 -0.743  0.465 -0.481
  6100.000  0.559  0.294  0.776  0.305  0.797 -0.522  0.772 -0.527 -0.356
  6200.000  0.532  0.251  0.809  0.507  0.671 -0.541  0.679 -0.698 -0.230
  6300.000 -0.627  0.632  0.455  0.768  0.401  0.500 -0.134 -0.663  0.737
  6400.000 -0.577  0.675  0.461  0.803  0.367  0.469 -0.147 -0.641  0.754
  6500.000 -0.187  0.630  0.754  0.687  0.633 -0.358 -0.703  0.450 -0.551
  6600.000  0.454  0.398  0.797  0.232  0.811 -0.537  0.860 -0.429 -0.275
  6700.000  0.484  0.323  0.813  0.277  0.825 -0.492  0.830 -0.464 -0.310
  6800.000  0.584  0.311  0.749  0.320  0.760 -0.565  0.746 -0.570 -0.345
  6900.000  0.478  0.158  0.864  0.681  0.555 -0.478  0.555 -0.817 -0.158
  7000.000 -0.198  0.571  0.796  0.730  0.629 -0.269 -0.655  0.528 -0.541
  7100.000  0.508  0.319  0.800  0.439  0.703 -0.559  0.741 -0.635 -0.217
  7200.000  0.451  0.059  0.891  0.636  0.679 -0.367  0.626 -0.732 -0.268
  7300.000 -0.110  0.497  0.861  0.795  0.564 -0.224 -0.597  0.660 -0.457
  7400.000  0.211  0.064  0.975  0.739  0.642 -0.202  0.639 -0.764 -0.089
  7500.000 -0.219  0.033  0.975  0.778  0.609  0.154 -0.588  0.793 -0.159
  7600.000 -0.302  0.012  0.953  0.774  0.587  0.238 -0.557  0.810 -0.186
  7700.000 -0.223  0.084  0.971  0.838  0.525  0.147 -0.498  0.847 -0.187
  7800.000 -0.088  0.038  0.995  0.646  0.762  0.029  0.758 -0.646  0.092
  7900.000  0.064 -0.095  0.993  0.791  0.611  0.007 -0.608  0.786  0.114
  8000.000  0.051 -0.015  0.999  0.874  0.484 -0.037 -0.482  0.875  0.038
  8100.000 -0.007 -0.131  0.991  0.644  0.758  0.105  0.765 -0.639 -0.079
  8200.000  0.108 -0.182  0.977  0.571  0.816  0.089  0.814 -0.548 -0.192
  8300.000  0.068 -0.107  0.992  0.400  0.914  0.071  0.914 -0.392 -0.105
  8400.000  0.054 -0.180  0.982  0.574  0.811  0.117  0.817 -0.557 -0.147
  8500.000  0.212 -0.316  0.925  0.269  0.929  0.255  0.940 -0.195 -0.282
  8600.000  0.135 -0.327  0.935  0.074  0.945  0.320  0.988 -0.026 -0.152
  8700.000  0.130 -0.275  0.952 -0.051  0.957  0.284  0.990  0.086 -0.111
  8800.000 -0.032 -0.281  0.959 -0.304  0.917  0.259  0.952  0.283  0.115
  8900.000 -0.011 -0.312  0.950 -0.155  0.939  0.307  0.988  0.144  0.058
  9000.000 -0.233 -0.120  0.965 -0.282  0.958  0.051  0.931  0.260  0.257
  9100.000 -0.256 -0.156  0.954 -0.223  0.970  0.098  0.941  0.188  0.283
  9200.000 -0.170 -0.288  0.942 -0.269  0.934  0.237  0.948  0.213  0.236
  9300.000 -0.067 -0.441  0.895 -0.252  0.875  0.413  0.965  0.198  0.170
  9400.000  0.231 -0.314  0.921 -0.275  0.887  0.371  0.933  0.339 -0.119
  9500.000  0.267 -0.272  0.925 -0.146  0.937  0.318  0.953  0.220 -0.210
  9600.000  0.191 -0.441  0.877 -0.039  0.890  0.455  0.981  0.121 -0.153
  9700.000  0.217 -0.323  0.921 -0.298  0.877  0.378  0.929  0.357 -0.094
  9800.000 -0.035 -0.364  0.931 -0.182  0.918  0.352  0.983  0.157  0.098
  9900.000  0.110 -0.304  0.946 -0.072  0.947  0.313  0.991  0.103 -0.083
 10000.000  0.277 -0.217  0.936 -0.082  0.965  0.248  0.957  0.145 -0.250
